# Grid data for process 0
# Local grid boundaries: [1:31, 1:31]
# Format: i j x[i][j]
1 1 0.000464
1 2 0.000931
1 3 0.001404
1 4 0.001887
1 5 0.002383
1 6 0.002896
1 7 0.003430
1 8 0.003990
1 9 0.004582
1 10 0.005211
1 11 0.005886
1 12 0.006615
1 13 0.007408
1 14 0.008279
1 15 0.009244
1 16 0.010323
1 17 0.011540
1 18 0.012929
1 19 0.014532
1 20 0.016406
1 21 0.018628
1 22 0.021309
1 23 0.024605
1 24 0.028754
1 25 0.034128
1 26 0.041345
1 27 0.051505
1 28 0.066746
1 29 0.091678
1 30 0.137544
1 31 0.235615
2 1 0.000925
2 2 0.001856
2 3 0.002799
2 4 0.003761
2 5 0.004749
2 6 0.005771
2 7 0.006834
2 8 0.007949
2 9 0.009126
2 10 0.010377
2 11 0.011718
2 12 0.013165
2 13 0.014739
2 14 0.016465
2 15 0.018375
2 16 0.020507
2 17 0.022909
2 18 0.025644
2 19 0.028793
2 20 0.032463
2 21 0.036799
2 22 0.042002
2 23 0.048357
2 24 0.056283
2 25 0.066412
2 26 0.079746
2 27 0.097931
2 28 0.123802
2 29 0.162420
2 30 0.222884
2 31 0.320297
3 1 0.001380
3 2 0.002768
3 3 0.004175
3 4 0.005609
3 5 0.007082
3 6 0.008604
3 7 0.010187
3 8 0.011846
3 9 0.013596
3 10 0.015454
3 11 0.017443
3 12 0.019588
3 13 0.021917
3 14 0.024468
3 15 0.027284
3 16 0.030420
3 17 0.033945
3 18 0.037945
3 19 0.042533
3 20 0.047854
3 21 0.054103
3 22 0.061543
3 23 0.070539
3 24 0.081608
3 25 0.095493
3 26 0.113295
3 27 0.136669
3 28 0.168112
3 29 0.211316
3 30 0.271274
3 31 0.352964
4 1 0.001825
4 2 0.003662
4 3 0.005523
4 4 0.007419
4 5 0.009366
4 6 0.011375
4 7 0.013465
4 8 0.015652
4 9 0.017956
4 10 0.020401
4 11 0.023013
4 12 0.025825
4 13 0.028874
4 14 0.032205
4 15 0.035873
4 16 0.039945
4 17 0.044506
4 18 0.049660
4 19 0.055539
4 20 0.062317
4 21 0.070215
4 22 0.079528
4 23 0.090650
4 24 0.104116
4 25 0.120656
4 26 0.141274
4 27 0.167338
4 28 0.200661
4 29 0.243457
4 30 0.297934
4 31 0.364970
5 1 0.002259
5 2 0.004533
5 3 0.006835
5 4 0.009180
5 5 0.011585
5 6 0.014067
5 7 0.016645
5 8 0.019340
5 9 0.022176
5 10 0.025180
5 11 0.028384
5 12 0.031826
5 13 0.035549
5 14 0.039605
5 15 0.044057
5 16 0.048982
5 17 0.054474
5 18 0.060648
5 19 0.067649
5 20 0.075659
5 21 0.084912
5 22 0.095703
5 23 0.108417
5 24 0.123549
5 25 0.141741
5 26 0.163805
5 27 0.190750
5 28 0.223736
5 29 0.263918
5 30 0.312033
5 31 0.367604
6 1 0.002679
6 2 0.005374
6 3 0.008103
6 4 0.010881
6 5 0.013728
6 6 0.016663
6 7 0.019708
6 8 0.022887
6 9 0.026227
6 10 0.029759
6 11 0.033518
6 12 0.037545
6 13 0.041890
6 14 0.046608
6 15 0.051768
6 16 0.057452
6 17 0.063759
6 18 0.070808
6 19 0.078748
6 20 0.087760
6 21 0.098070
6 22 0.109956
6 23 0.123765
6 24 0.139925
6 25 0.158952
6 26 0.181457
6 27 0.208120
6 28 0.239614
6 29 0.276448
6 30 0.318676
6 31 0.365497
7 1 0.003083
7 2 0.006183
7 3 0.009321
7 4 0.012514
7 5 0.015783
7 6 0.019149
7 7 0.022638
7 8 0.026274
7 9 0.030087
7 10 0.034111
7 11 0.038383
7 12 0.042948
7 13 0.047857
7 14 0.053170
7 15 0.058956
7 16 0.065300
7 17 0.072301
7 18 0.080079
7 19 0.088775
7 20 0.098564
7 21 0.109651
7 22 0.122285
7 23 0.136764
7 24 0.153432
7 25 0.172685
7 26 0.194952
7 27 0.220658
7 28 0.250152
7 29 0.283583
7 30 0.320727
7 31 0.360799
8 1 0.003468
8 2 0.006956
8 3 0.010483
8 4 0.014070
8 5 0.017740
8 6 0.021514
8 7 0.025419
8 8 0.029483
8 9 0.033736
8 10 0.038214
8 11 0.042956
8 12 0.048007
8 13 0.053421
8 14 0.059257
8 15 0.065586
8 16 0.072491
8 17 0.080067
8 18 0.088430
8 19 0.097711
8 20 0.108068
8 21 0.119684
8 22 0.132772
8 23 0.147572
8 24 0.164354
8 25 0.183405
8 26 0.205008
8 27 0.229408
8 28 0.256753
8 29 0.287005
8 30 0.319851
8 31 0.354613
9 1 0.003834
9 2 0.007689
9 3 0.011585
9 4 0.015545
9 5 0.019591
9 6 0.023748
9 7 0.028042
9 8 0.032502
9 9 0.037160
9 10 0.042052
9 11 0.047218
9 12 0.052704
9 13 0.058562
9 14 0.064852
9 15 0.071641
9 16 0.079010
9 17 0.087048
9 18 0.095862
9 19 0.105571
9 20 0.116314
9 21 0.128247
9 22 0.141545
9 23 0.156398
9 24 0.173008
9 25 0.191572
9 26 0.212266
9 27 0.235215
9 28 0.260445
9 29 0.287834
9 30 0.317058
9 31 0.347558
10 1 0.004179
10 2 0.008380
10 3 0.012624
10 4 0.016934
10 5 0.021332
10 6 0.025845
10 7 0.030499
10 8 0.035324
10 9 0.040351
10 10 0.045617
10 11 0.051161
10 12 0.057029
10 13 0.063272
10 14 0.069946
10 15 0.077117
10 16 0.084858
10 17 0.093254
10 18 0.102398
10 19 0.112397
10 20 0.123369
10 21 0.135445
10 22 0.148763
10 23 0.163469
10 24 0.179707
10 25 0.197608
10 26 0.217271
10 27 0.238741
10 28 0.261979
10 29 0.286828
10 30 0.312988
10 31 0.340005
11 1 0.004503
11 2 0.009028
11 3 0.013597
11 4 0.018233
11 5 0.022959
11 6 0.027801
11 7 0.032786
11 8 0.037942
11 9 0.043303
11 10 0.048903
11 11 0.054781
11 12 0.060980
11 13 0.067550
11 14 0.074544
11 15 0.082022
11 16 0.090053
11 17 0.098711
11 18 0.108079
11 19 0.118250
11 20 0.129321
11 21 0.141399
11 22 0.154592
11 23 0.169008
11 24 0.184744
11 25 0.201882
11 26 0.220468
11 27 0.240499
11 28 0.261901
11 29 0.284510
11 30 0.308061
11 31 0.332184
12 1 0.004806
12 2 0.009633
12 3 0.014504
12 4 0.019442
12 5 0.024470
12 6 0.029614
12 7 0.034900
12 8 0.040357
12 9 0.046015
12 10 0.051910
12 11 0.058078
12 12 0.064561
12 13 0.071404
12 14 0.078657
12 15 0.086375
12 16 0.094620
12 17 0.103457
12 18 0.112958
12 19 0.123201
12 20 0.134267
12 21 0.146239
12 22 0.159200
12 23 0.173225
12 24 0.188380
12 25 0.204707
12 26 0.222220
12 27 0.240886
12 28 0.260616
12 29 0.281252
12 30 0.302563
12 31 0.324248
13 1 0.005086
13 2 0.010193
13 3 0.015344
13 4 0.020561
13 5 0.025866
13 6 0.031285
13 7 0.036844
13 8 0.042569
13 9 0.048492
13 10 0.054644
13 11 0.061062
13 12 0.067782
13 13 0.074848
13 14 0.082305
13 15 0.090202
13 16 0.098594
13 17 0.107538
13 18 0.117096
13 19 0.127330
13 20 0.138307
13 21 0.150091
13 22 0.162742
13 23 0.176313
13 24 0.190842
13 25 0.206348
13 26 0.222820
13 27 0.240209
13 28 0.258424
13 29 0.277318
13 30 0.296692
13 31 0.316298
14 1 0.005345
14 2 0.010710
14 3 0.016118
14 4 0.021590
14 5 0.027148
14 6 0.032817
14 7 0.038620
14 8 0.044585
14 9 0.050739
14 10 0.057114
14 11 0.063741
14 12 0.070658
14 13 0.077901
14 14 0.085512
14 15 0.093535
14 16 0.102017
14 17 0.111007
14 18 0.120556
14 19 0.130717
14 20 0.141541
14 21 0.153075
14 22 0.165365
14 23 0.178442
14 24 0.192328
14 25 0.207022
14 26 0.222501
14 27 0.238708
14 28 0.255553
14 29 0.272903
14 30 0.290589
14 31 0.308404
15 1 0.005583
15 2 0.011185
15 3 0.016829
15 4 0.022533
15 5 0.028321
15 6 0.034213
15 7 0.040235
15 8 0.046410
15 9 0.052766
15 10 0.059330
15 11 0.066133
15 12 0.073207
15 13 0.080586
15 14 0.088307
15 15 0.096409
15 16 0.104931
15 17 0.113916
15 18 0.123405
15 19 0.133441
15 20 0.144062
15 21 0.155305
15 22 0.167199
15 23 0.179764
15 24 0.193005
15 25 0.206912
15 26 0.221453
15 27 0.236570
15 28 0.252176
15 29 0.268153
15 30 0.284357
15 31 0.300614
16 1 0.005800
16 2 0.011620
16 3 0.017477
16 4 0.023393
16 5 0.029387
16 6 0.035481
16 7 0.041696
16 8 0.048055
16 9 0.054584
16 10 0.061307
16 11 0.068253
16 12 0.075450
16 13 0.082929
16 14 0.090722
16 15 0.098862
16 16 0.107383
16 17 0.116320
16 18 0.125708
16 19 0.135579
16 20 0.145963
16 21 0.156884
16 22 0.168363
16 23 0.180408
16 24 0.193016
16 25 0.206169
16 26 0.219830
16 27 0.233943
16 28 0.248426
16 29 0.263178
16 30 0.278071
16 31 0.292962
17 1 0.005999
17 2 0.012016
17 3 0.018068
17 4 0.024175
17 5 0.030355
17 6 0.036627
17 7 0.043012
17 8 0.049532
17 9 0.056207
17 10 0.063062
17 11 0.070122
17 12 0.077412
17 13 0.084958
17 14 0.092789
17 15 0.100933
17 16 0.109419
17 17 0.118275
17 18 0.127528
17 19 0.137204
17 20 0.147325
17 21 0.157907
17 22 0.168961
17 23 0.180489
17 24 0.192482
17 25 0.204917
17 26 0.217756
17 27 0.230944
17 28 0.244409
17 29 0.258060
17 30 0.271788
17 31 0.285472
18 1 0.006180
18 2 0.012376
18 3 0.018605
18 4 0.024884
18 5 0.031230
18 6 0.037661
18 7 0.044195
18 8 0.050852
18 9 0.057651
18 10 0.064613
18 11 0.071761
18 12 0.079116
18 13 0.086703
18 14 0.094543
18 15 0.102663
18 16 0.111085
18 17 0.119832
18 18 0.128925
18 19 0.138384
18 20 0.148225
18 21 0.158457
18 22 0.169085
18 23 0.180106
18 24 0.191506
18 25 0.203260
18 26 0.215332
18 27 0.227669
18 28 0.240207
18 29 0.252864
18 30 0.265549
18 31 0.278158
19 1 0.006344
19 2 0.012703
19 3 0.019092
19 4 0.025526
19 5 0.032020
19 6 0.038591
19 7 0.045255
19 8 0.052029
19 9 0.058931
19 10 0.065979
19 11 0.073192
19 12 0.080590
19 13 0.088192
19 14 0.096019
19 15 0.104090
19 16 0.112425
19 17 0.121042
19 18 0.129957
19 19 0.139184
19 20 0.148733
19 21 0.158611
19 22 0.168817
19 23 0.179344
19 24 0.190175
19 25 0.201287
19 26 0.212642
19 27 0.224194
19 28 0.235884
19 29 0.247642
19 30 0.259387
19 31 0.271032
20 1 0.006494
20 2 0.013001
20 3 0.019534
20 4 0.026107
20 5 0.032734
20 6 0.039428
20 7 0.046205
20 8 0.053079
20 9 0.060065
20 10 0.067180
20 11 0.074439
20 12 0.081860
20 13 0.089458
20 14 0.097251
20 15 0.105254
20 16 0.113484
20 17 0.121954
20 18 0.130676
20 19 0.139661
20 20 0.148914
20 21 0.158437
20 22 0.168228
20 23 0.178276
20 24 0.188565
20 25 0.199070
20 26 0.209756
20 27 0.220582
20 28 0.231494
20 29 0.242431
20 30 0.253325
20 31 0.264101
21 1 0.006630
21 2 0.013272
21 3 0.019936
21 4 0.026635
21 5 0.033380
21 6 0.040183
21 7 0.047058
21 8 0.054016
21 9 0.061071
21 10 0.068236
21 11 0.075525
21 12 0.082951
21 13 0.090529
21 14 0.098271
21 15 0.106192
21 16 0.114302
21 17 0.122613
21 18 0.131133
21 19 0.139869
21 20 0.148823
21 21 0.157996
21 22 0.167381
21 23 0.176968
21 24 0.186739
21 25 0.196670
21 26 0.206731
21 27 0.216882
21 28 0.227078
21 29 0.237264
21 30 0.247382
21 31 0.257368
22 1 0.006755
22 2 0.013520
22 3 0.020303
22 4 0.027116
22 5 0.033967
22 6 0.040868
22 7 0.047827
22 8 0.054856
22 9 0.061966
22 10 0.069168
22 11 0.076472
22 12 0.083891
22 13 0.091435
22 14 0.099114
22 15 0.106940
22 16 0.114920
22 17 0.123063
22 18 0.131375
22 19 0.139858
22 20 0.148515
22 21 0.157342
22 22 0.166333
22 23 0.175475
22 24 0.184752
22 25 0.194142
22 26 0.203616
22 27 0.213139
22 28 0.222671
22 29 0.232165
22 30 0.241572
22 31 0.250835
23 1 0.006871
23 2 0.013749
23 3 0.020642
23 4 0.027559
23 5 0.034506
23 6 0.041493
23 7 0.048526
23 8 0.055616
23 9 0.062770
23 10 0.069997
23 11 0.077306
23 12 0.084706
23 13 0.092205
23 14 0.099812
23 15 0.107533
23 16 0.115375
23 17 0.123345
23 18 0.131444
23 19 0.139675
23 20 0.148037
23 21 0.156525
23 22 0.165133
23 23 0.173847
23 24 0.182653
23 25 0.191529
23 26 0.200451
23 27 0.209386
23 28 0.218301
23 29 0.227154
23 30 0.235904
23 31 0.244502
24 1 0.006978
24 2 0.013962
24 3 0.020958
24 4 0.027970
24 5 0.035006
24 6 0.042070
24 7 0.049170
24 8 0.056311
24 9 0.063501
24 10 0.070744
24 11 0.078049
24 12 0.085422
24 13 0.092868
24 14 0.100394
24 15 0.108004
24 16 0.115704
24 17 0.123496
24 18 0.131382
24 19 0.139361
24 20 0.147432
24 21 0.155589
24 22 0.163825
24 23 0.172128
24 24 0.180483
24 25 0.188872
24 26 0.197272
24 27 0.205655
24 28 0.213992
24 29 0.222248
24 30 0.230387
24 31 0.238369
25 1 0.007081
25 2 0.014165
25 3 0.021256
25 4 0.028359
25 5 0.035476
25 6 0.042613
25 7 0.049772
25 8 0.056959
25 9 0.064177
25 10 0.071431
25 11 0.078725
25 12 0.086064
25 13 0.093452
25 14 0.100892
25 15 0.108387
25 16 0.115940
25 17 0.123553
25 18 0.131225
25 19 0.138956
25 20 0.146741
25 21 0.154575
25 22 0.162451
25 23 0.170357
25 24 0.178280
25 25 0.186204
25 26 0.194108
25 27 0.201970
25 28 0.209763
25 29 0.217459
25 30 0.225026
25 31 0.232433
26 1 0.007179
26 2 0.014360
26 3 0.021544
26 4 0.028732
26 5 0.035928
26 6 0.043132
26 7 0.050347
26 8 0.057574
26 9 0.064817
26 10 0.072077
26 11 0.079356
26 12 0.086657
26 13 0.093983
26 14 0.101334
26 15 0.108712
26 16 0.116117
26 17 0.123551
26 18 0.131011
26 19 0.138495
26 20 0.146000
26 21 0.153519
26 22 0.161045
26 23 0.168569
26 24 0.176077
26 25 0.183556
26 26 0.190988
26 27 0.198354
26 28 0.205632
26 29 0.212798
26 30 0.219827
26 31 0.226691
27 1 0.007276
27 2 0.014551
27 3 0.021826
27 4 0.029099
27 5 0.036371
27 6 0.043641
27 7 0.050909
27 8 0.058175
27 9 0.065440
27 10 0.072703
27 11 0.079965
27 12 0.087227
27 13 0.094488
27 14 0.101749
27 15 0.109008
27 16 0.116267
27 17 0.123522
27 18 0.130773
27 19 0.138015
27 20 0.145245
27 21 0.152456
27 22 0.159643
27 23 0.166795
27 24 0.173903
27 25 0.180954
27 26 0.187934
27 27 0.194826
27 28 0.201613
27 29 0.208275
27 30 0.214792
27 31 0.221142
28 1 0.007373
28 2 0.014744
28 3 0.022110
28 4 0.029468
28 5 0.036816
28 6 0.044151
28 7 0.051473
28 8 0.058777
28 9 0.066064
28 10 0.073330
28 11 0.080575
28 12 0.087797
28 13 0.094994
28 14 0.102164
28 15 0.109307
28 16 0.116419
28 17 0.123499
28 18 0.130542
28 19 0.137547
28 20 0.144507
28 21 0.151419
28 22 0.158274
28 23 0.165066
28 24 0.171786
28 25 0.178424
28 26 0.184967
28 27 0.191403
28 28 0.197718
28 29 0.203897
28 30 0.209923
28 31 0.215781
29 1 0.007473
29 2 0.014942
29 3 0.022401
29 4 0.029846
29 5 0.037273
29 6 0.044676
29 7 0.052053
29 8 0.059398
29 9 0.066708
29 10 0.073979
29 11 0.081208
29 12 0.088392
29 13 0.095526
29 14 0.102608
29 15 0.109635
29 16 0.116604
29 17 0.123511
29 18 0.130351
29 19 0.137122
29 20 0.143819
29 21 0.150437
29 22 0.156969
29 23 0.163410
29 24 0.169752
29 25 0.175987
29 26 0.182107
29 27 0.188101
29 28 0.193960
29 29 0.199671
29 30 0.205224
29 31 0.210606
30 1 0.007578
30 2 0.015149
30 3 0.022707
30 4 0.030243
30 5 0.037753
30 6 0.045229
30 7 0.052664
30 8 0.060054
30 9 0.067391
30 10 0.074670
30 11 0.081887
30 12 0.089035
30 13 0.096110
30 14 0.103108
30 15 0.110023
30 16 0.116851
30 17 0.123588
30 18 0.130230
30 19 0.136772
30 20 0.143211
30 21 0.149540
30 22 0.155755
30 23 0.161852
30 24 0.167825
30 25 0.173667
30 26 0.179373
30 27 0.184935
30 28 0.190348
30 29 0.195604
30 30 0.200695
30 31 0.205614
31 1 0.007690
31 2 0.015370
31 3 0.023033
31 4 0.030668
31 5 0.038267
31 6 0.045821
31 7 0.053322
31 8 0.060761
31 9 0.068131
31 10 0.075425
31 11 0.082634
31 12 0.089752
31 13 0.096772
31 14 0.103689
31 15 0.110497
31 16 0.117189
31 17 0.123761
31 18 0.130209
31 19 0.136527
31 20 0.142711
31 21 0.148757
31 22 0.154661
31 23 0.160419
31 24 0.166027
31 25 0.171483
31 26 0.176781
31 27 0.181919
31 28 0.186894
31 29 0.191701
31 30 0.196337
31 31 0.200800
